 00
 00
 00
 00
 00
 00
 00
 00
 00
 00
 00
 00
 00
 20
 60
 00 
 00
 00
 00
 00
 00
 51
 31
 00
 00
 00
 5A
 53
 41
 57
 32
 00  
 00
 43
 58
 44
 45
 34
 33
 00
 00
 20
 56
 46
 54
 52
 35
 00 
 00
 4E
 42
 48
 47
 59
 36
 00
 00
 00
 4D
 4A
 55
 37
 38
 00 
 00
 2C
 4B
 49
 4F
 30
 39
 00
 00
 2E
 2F
 4C
 3B
 50
 2D
 00 
 00
 00
 27
 00
 5B
 3D
 00
 00
 00
 00
 0D
 5D
 00
 5C
 00
 00
 00
 00
 00
 00
 00
 00
 08
 00
 00
 31
 00
 34
 37
 00
 00
 00 
 30
 2E
 32
 35
 36
 38
 00
 00
 00
 2B
 33
 2C
 2A
 39
 00
 00  
 00
 00
 00
 00
 00
 00
 00
 00
 00
 00
 00
 00
 00
 00
 00
 00 
 00
 00
 00
 00
 00
 00
 00
 00
 00
 00
 00
 00
 00
 00
 00
 00
 00
 00
 00
 00
 00
 00
 00
 00
 00
 00
 00
 00
 00
 00
 00
 00  
 00
 00
 00
 00
 00
 00
 00
 00
 00
 00
 00
 00
 00
 00
 00
 00 
 00
 00
 00
 00
 00
 00
 00
 00
 00
 00
 00
 00
 00
 00
 00
 00 
 00
 00
 00
 00
 00
 00
 00
 00
 00
 00
 00
 00
 00
 00
 00
 00 
 00
 00
 00
 00
 00
 00
 00
 00
 00
 00
 00
 00
 00
 00
 00
 00 
 00
 00
 00
 00
 00
 00
 00
 00
 00
 00
 00
 00
 00
 00
 00
 00